62623119
43287658734656487356782346538756734856738543
23423763766546
8730462931708531093260512672
8965478374510052991726135264429249850
823645876587256728577700042240351811498729150024429868437
77255549358638635251419113258296
84375225381915361784382697236554635555586949500382684456449445441
84278745868057823931331158661294900976270396314667287003264299471
42842904
785019999093796209978496955
51527781638018246895815849140722
-141471011540339089972178607628784991039
374050069609956297758010403249327187469132378633797625001339998490405097407172364986922
out of range
